4025
64579
48553
34679
52967
15128
60170
48161
31116
11706
10719
43938
4461
6789
23578
23190
37731
48095
64407
50739
51708
21500
34161
56530
8636
58146
54834
3448
16823
31370
46860
3718
19735
29440
24158
49946
63062
38329
59955
54845
32799
44055
20723
39140
35818
6228
3884
28258
8195
63868
3986
83
42920
24859
14345
6576
13563
31964
27282
22199
61272
33292
5826
24297
7732
8450
5892
38390
33342
19212
8199
45581
55711
60099
36566
28703
16793
40196
42859
21325
15702
35968
4195
33365
10255
56002
29911
5765
48534
54446
4599
39396
49318
58670
42609
47103
65420
27663
50446
56419
34589
28847
11612
23986
34402
31904
13413
583
40132
43464
55042
58974
15704
18012
7958
47433
50733
3901
40908
45594
32465
23373
62033
45695
5960
8286
65391
41548
32153
14495
10880
54805
3284
65089
64068
10516
41699
13992
62425
38119
4905
26367
1612
25251
34975
22028
6572
22167
41937
33346
15816
23823
46409
17535
13045
37056
13417
52930
60566
58768
9035
4046
33276
10844
10948
8309
16571
27715
60277
25113
11281
27811
60243
1930
51646
53717
8017
52870
17832
59596
57396
10373
32201
15550
64826
43468
44641
26772
2187
1546
11952
26086
11648
9803
57289
13678
14569
32033
46155
9947
42246
61357
41183
49333
46836
48409
38095
30200
7972
20017
1944
64851
17304
54343
40723
26397
56752
60972
20745
35237
63590
830
48606
14820
33664
50256
57311
7840
38382
59478
18106
63590
27346
11209
8268
38774
576
15749
10726
44029
52819
18259
10143
19261
49118
21225
46169
47008
30917
58045
42273
24665
5826
43159
2053
31166
29817
36492
8430
14253
33360
2669
2486
61883
24864
29617
38119
3034
47176
22808
18240
51046
43931
27013
8959
26369
17951
48001
17386
48412
57563
11380
2919
8148
21325
19529
44087
18284
47606
12316
3179
9464
36974
30490
11640
48996
19706
27576
1295
31733
48208
8679
4316
26341
819
44066
2723
32572
29003
28263
17624
16551
37588
27343
8426
38138
7802
22619
13082
36805
16215
58746
27546
20171
10668
46462
40053
44285
4330
13938
65338
8317
14382
9248
46951
49666
35013
31167
28327
41591
34239
17866
63779
58748
38224
40838
53720
41587
599
15224
17496
1190
11858
26734
18837
7068
43144
47420
46084
408
3761
11496
62271
36170
8095
12125
56351
28600
30319
31893
55016
3558
17887
30531
9445
25053
48353
22333
39240
58794
45161
10942
55556
53267
49255
48386
41562
29518
34740
19590
39435
13597
60932
38855
63652
39643
26791
12535
12743
9755
45234
35835
18566
1323
7091
42596
8824
53490
38219
4922
28160
1232
1158
13460
60166
32856
21850
24437
24272
2931
9779
60212
44963
32430
18499
59799
33252
14549
30949
40789
55944
62200
28534
15058
22645
45847
6014
43084
21411
40366
28601
29711
56387
9696
31917
9336
8581
44334
20147
21287
7639
64652
41070
36560
41164
15369
47412
63974
31932
43400
18416
63042
735
28026
60413
34555
19201
37743
17241
30777
28612
34480
5627
42326
52376
3742
42468
47060
64080
54742
12336
37524
19022
8272
15956
60335
37132
45543
54462
49536
24433
42606
46769
50236
14729
24773
37858
10693
49245
58793
52173
56601
12025
15143
41663
35417
30614
28059
65039
41936
61514
63556
34116
24638
65054
47337
63088
40701
58658
42338
33187
6046
41758
60846
39868
51400
1129
28578
16656
2403
28202
43187
32109
16412
53832
4271
65224
11212
1711
52278
51912
60449
7889
24891
2961
63652
12866
57656
34309
52691
10665
20053
14648
61466
11004
47264
1195
41921
12915
12567
63164
19292
26116
40884
6002
13383
2254
21049
33579
59002
25078
43423
25918
2782
57899
13679
41567
9522
48086
17942
40485
46408
38601
8892
44065
39582
6317
39756
11385
38318
27289
17937
41825
34813
26887
57289
62288
12038
45542
42985
16522
56059
43757
16088
31502
26962
62702
13228
32538
12338
38429
43162
42446
43905
45272
64282
19466
33497
36230
19695
42711
53521
30640
59393
26553
40651
51294
26318
33110
61886
64593
6135
27467
7776
58446
27575
50199
43467
35436
12274
9927
47552
63882
43348
37125
4548
34319
4058
14947
61871
55510
55674
16525
56506
53600
28799
58037
44022
21193
15132
6722
9308
25188
8343
27859
11245
18130
19690
44381
17008
58905
51099
44164
60861
49102
23702
19691
46989
2346
20398
7189
20332
37685
48149
5327
34587
57863
23023
636
40650
53036
37965
42465
41196
816
27349
6593
6083
49920
64244
30940
59663
61435
52859
46332
39612
38112
10160
16605
11932
2329
36596
21059
26358
9930
25251
22424
60052
35241
14622
55901
61728
33810
36090
38564
61479
55468
38522
36136
664
12276
62007
21094
20467
17934
62722
48870
43514
29958
26425
25736
36873
17828
4121
6141
10750
17559
39489
21767
717
24023
12265
64980
65492
19519
56707
47678
30472
19167
40683
10438
20071
42791
41966
55675
46003
19122
10081
12411
30796
63456
24136
27401
12883
8474
58613
1280
30261
50883
25803
9653
21250
9883
22747
57464
33841
47156
8140
24378
54620
40971
22800
14915
5153
36160
45107
40995
47620
45076
9638
43507
36883
59507
61119
33538
53370
28411
43317
30060
23417
32739
46938
38927
7511
6238
43984
47870
44649
48314
7169
20376
62803
51668
35377
50535
23135
51156
18689
7882
8591
151
54502
7422
17452
43569
39558
11191
41478
57246
5559
22144
25355
30530
41419
52916
43819
19160
56219
30000
24835
28270
40538
8295
19478
3952
6108
62293
36118
41018
15926
40215
49853
42047
51543
10557
44005
60164
19922
40743
58401
35036
60656
55378
22464
4659
24379
5069
9832
60659
44193
5350
3406
19018
21976
22109
52052
5321
53443
42694
46662
54095
12946
36808
24974
58138
35191
15806
32747
8792
29283
20774
21414
3007
49225
33931
3890
43600
53137
24931
33750
46525
17536
12800
45268
35632
15372
57201
984
48814
20131
46402
63410
20032
31166
60301
53351
25771
2605
65394
22593
23845
52170
887
6197
55076
3720
14882
46068
4300
55800
7873
65135
4681
62129
61282
29643
3184
1493
24954
63771
29689
28959
17755
50568
6231
8011
60638
58345
44118
58346
29870
52013
55034
40103
61158
41026
1901
15148
36369
4289
32443
14437
37574
41900
37026
61989
63724
26760
14681
7462
56767
9680
15292
61867
53733
25117
59843
38578
54490
47036
4803
49356
30110
60717
57348
38126
33123
60968
25381
57040
